Sarah Johnson,Female,9876543210
Tom Wilson,Male,9123456789
Emily Brown,Female,9988776655
John Carter,Male,9876501234
Anna Davis,Female,9998887777
